 net1            v(D0)           v(D1)           v(D2)           v(D3)           v(D4)           v(D5)           v(D6)           i(viout_final)  v(v_out_final) 
 1.19273845e-01  0.00000000e+00  0.00000000e+00  0.00000000e+00  0.00000000e+00  0.00000000e+00  0.00000000e+00  0.00000000e+00  2.86092927e-10  1.80000000e+00 
 1.19273858e-01  1.00000000e+00  0.00000000e+00  0.00000000e+00  0.00000000e+00  0.00000000e+00  0.00000000e+00  0.00000000e+00  2.87599278e-10  1.80000000e+00 
 1.19273845e-01  0.00000000e+00  1.00000000e+00  0.00000000e+00  0.00000000e+00  0.00000000e+00  0.00000000e+00  0.00000000e+00  2.87911917e-10  1.80000000e+00 
 1.19273844e-01  1.00000000e+00  1.00000000e+00  0.00000000e+00  0.00000000e+00  0.00000000e+00  0.00000000e+00  0.00000000e+00  2.87343482e-10  1.80000000e+00 
 1.19273856e-01  0.00000000e+00  0.00000000e+00  1.00000000e+00  0.00000000e+00  0.00000000e+00  0.00000000e+00  0.00000000e+00  2.87542434e-10  1.80000000e+00 
 1.19273837e-01  1.00000000e+00  0.00000000e+00  1.00000000e+00  0.00000000e+00  0.00000000e+00  0.00000000e+00  0.00000000e+00  2.87514013e-10  1.80000000e+00 
 1.19273849e-01  0.00000000e+00  1.00000000e+00  1.00000000e+00  0.00000000e+00  0.00000000e+00  0.00000000e+00  0.00000000e+00  2.87599278e-10  1.80000000e+00 
 1.19273856e-01  1.00000000e+00  1.00000000e+00  1.00000000e+00  0.00000000e+00  0.00000000e+00  0.00000000e+00  0.00000000e+00  2.88395086e-10  1.80000000e+00 
 1.19273855e-01  0.00000000e+00  0.00000000e+00  0.00000000e+00  1.00000000e+00  0.00000000e+00  0.00000000e+00  0.00000000e+00  2.87741386e-10  1.80000000e+00 
 1.19273859e-01  1.00000000e+00  0.00000000e+00  0.00000000e+00  1.00000000e+00  0.00000000e+00  0.00000000e+00  0.00000000e+00  2.87712965e-10  1.80000000e+00 
 1.19273857e-01  0.00000000e+00  1.00000000e+00  0.00000000e+00  1.00000000e+00  0.00000000e+00  0.00000000e+00  0.00000000e+00  2.87514013e-10  1.80000000e+00 
 1.19273854e-01  1.00000000e+00  1.00000000e+00  0.00000000e+00  1.00000000e+00  0.00000000e+00  0.00000000e+00  0.00000000e+00  2.87968760e-10  1.80000000e+00 
 1.19273849e-01  0.00000000e+00  0.00000000e+00  1.00000000e+00  1.00000000e+00  0.00000000e+00  0.00000000e+00  0.00000000e+00  2.87940338e-10  1.80000000e+00 
 1.19273858e-01  1.00000000e+00  0.00000000e+00  1.00000000e+00  1.00000000e+00  0.00000000e+00  0.00000000e+00  0.00000000e+00  2.88480351e-10  1.80000000e+00 
 1.19273847e-01  0.00000000e+00  1.00000000e+00  1.00000000e+00  1.00000000e+00  0.00000000e+00  0.00000000e+00  0.00000000e+00  2.88366664e-10  1.80000000e+00 
 1.19273856e-01  1.00000000e+00  1.00000000e+00  1.00000000e+00  1.00000000e+00  0.00000000e+00  0.00000000e+00  0.00000000e+00  2.88167712e-10  1.80000000e+00 
 1.19273857e-01  0.00000000e+00  0.00000000e+00  0.00000000e+00  0.00000000e+00  1.00000000e+00  0.00000000e+00  0.00000000e+00  2.87087687e-10  1.80000000e+00 
 1.19273853e-01  1.00000000e+00  0.00000000e+00  0.00000000e+00  0.00000000e+00  1.00000000e+00  0.00000000e+00  0.00000000e+00  2.87457169e-10  1.80000000e+00 
 1.19273856e-01  0.00000000e+00  1.00000000e+00  0.00000000e+00  0.00000000e+00  1.00000000e+00  0.00000000e+00  0.00000000e+00  2.87997182e-10  1.80000000e+00 
 1.19273859e-01  1.00000000e+00  1.00000000e+00  0.00000000e+00  0.00000000e+00  1.00000000e+00  0.00000000e+00  0.00000000e+00  2.87940338e-10  1.80000000e+00 
 1.19273860e-01  0.00000000e+00  0.00000000e+00  1.00000000e+00  0.00000000e+00  1.00000000e+00  0.00000000e+00  0.00000000e+00  2.87570856e-10  1.80000000e+00 
 1.19273856e-01  1.00000000e+00  0.00000000e+00  1.00000000e+00  0.00000000e+00  1.00000000e+00  0.00000000e+00  0.00000000e+00  2.87514013e-10  1.80000000e+00 
 1.19273846e-01  0.00000000e+00  1.00000000e+00  1.00000000e+00  0.00000000e+00  1.00000000e+00  0.00000000e+00  0.00000000e+00  2.88480351e-10  1.80000000e+00 
 1.19273853e-01  1.00000000e+00  1.00000000e+00  1.00000000e+00  0.00000000e+00  1.00000000e+00  0.00000000e+00  0.00000000e+00  2.88395086e-10  1.80000000e+00 
 1.19273853e-01  0.00000000e+00  0.00000000e+00  0.00000000e+00  1.00000000e+00  1.00000000e+00  0.00000000e+00  0.00000000e+00  2.87769808e-10  1.80000000e+00 
 1.19273843e-01  1.00000000e+00  0.00000000e+00  0.00000000e+00  1.00000000e+00  1.00000000e+00  0.00000000e+00  0.00000000e+00  2.87741386e-10  1.80000000e+00 
 1.19273844e-01  0.00000000e+00  1.00000000e+00  0.00000000e+00  1.00000000e+00  1.00000000e+00  0.00000000e+00  0.00000000e+00  2.88565616e-10  1.80000000e+00 
 1.19273840e-01  1.00000000e+00  1.00000000e+00  0.00000000e+00  1.00000000e+00  1.00000000e+00  0.00000000e+00  0.00000000e+00  2.88963520e-10  1.80000000e+00 
 1.19273849e-01  0.00000000e+00  0.00000000e+00  1.00000000e+00  1.00000000e+00  1.00000000e+00  0.00000000e+00  0.00000000e+00  2.88167712e-10  1.80000000e+00 
 1.19273852e-01  1.00000000e+00  0.00000000e+00  1.00000000e+00  1.00000000e+00  1.00000000e+00  0.00000000e+00  0.00000000e+00  2.88395086e-10  1.80000000e+00 
 1.19273855e-01  0.00000000e+00  1.00000000e+00  1.00000000e+00  1.00000000e+00  1.00000000e+00  0.00000000e+00  0.00000000e+00  2.88736146e-10  1.80000000e+00 
 1.19273842e-01  1.00000000e+00  1.00000000e+00  1.00000000e+00  1.00000000e+00  1.00000000e+00  0.00000000e+00  0.00000000e+00  2.88508772e-10  1.80000000e+00 
 1.19273845e-01  0.00000000e+00  0.00000000e+00  0.00000000e+00  0.00000000e+00  0.00000000e+00  1.00000000e+00  0.00000000e+00  2.87144530e-10  1.80000000e+00 
 1.19273855e-01  1.00000000e+00  0.00000000e+00  0.00000000e+00  0.00000000e+00  0.00000000e+00  1.00000000e+00  0.00000000e+00  2.87826651e-10  1.80000000e+00 
 1.19273853e-01  0.00000000e+00  1.00000000e+00  0.00000000e+00  0.00000000e+00  0.00000000e+00  1.00000000e+00  0.00000000e+00  2.88110868e-10  1.80000000e+00 
 1.19273845e-01  1.00000000e+00  1.00000000e+00  0.00000000e+00  0.00000000e+00  0.00000000e+00  1.00000000e+00  0.00000000e+00  2.88849833e-10  1.80000000e+00 
 1.19273854e-01  0.00000000e+00  0.00000000e+00  1.00000000e+00  0.00000000e+00  0.00000000e+00  1.00000000e+00  0.00000000e+00  2.88110868e-10  1.80000000e+00 
 1.19273853e-01  1.00000000e+00  0.00000000e+00  1.00000000e+00  0.00000000e+00  0.00000000e+00  1.00000000e+00  0.00000000e+00  2.88139290e-10  1.80000000e+00 
 1.19273843e-01  0.00000000e+00  1.00000000e+00  1.00000000e+00  0.00000000e+00  0.00000000e+00  1.00000000e+00  0.00000000e+00  2.88594038e-10  1.80000000e+00 
 1.19273843e-01  1.00000000e+00  1.00000000e+00  1.00000000e+00  0.00000000e+00  0.00000000e+00  1.00000000e+00  0.00000000e+00  2.89020363e-10  1.80000000e+00 
 1.19273854e-01  0.00000000e+00  0.00000000e+00  0.00000000e+00  1.00000000e+00  0.00000000e+00  1.00000000e+00  0.00000000e+00  2.88366664e-10  1.80000000e+00 
 1.19273859e-01  1.00000000e+00  0.00000000e+00  0.00000000e+00  1.00000000e+00  0.00000000e+00  1.00000000e+00  0.00000000e+00  2.88764568e-10  1.80000000e+00 
 1.19273858e-01  0.00000000e+00  1.00000000e+00  0.00000000e+00  1.00000000e+00  0.00000000e+00  1.00000000e+00  0.00000000e+00  2.88508772e-10  1.80000000e+00 
 1.19273852e-01  1.00000000e+00  1.00000000e+00  0.00000000e+00  1.00000000e+00  0.00000000e+00  1.00000000e+00  0.00000000e+00  2.88764568e-10  1.80000000e+00 
 1.19273832e-01  0.00000000e+00  0.00000000e+00  1.00000000e+00  1.00000000e+00  0.00000000e+00  1.00000000e+00  0.00000000e+00  2.88054025e-10  1.80000000e+00 
 1.19273856e-01  1.00000000e+00  0.00000000e+00  1.00000000e+00  1.00000000e+00  0.00000000e+00  1.00000000e+00  0.00000000e+00  2.87855073e-10  1.80000000e+00 
 1.19273857e-01  0.00000000e+00  1.00000000e+00  1.00000000e+00  1.00000000e+00  0.00000000e+00  1.00000000e+00  0.00000000e+00  2.87997182e-10  1.80000000e+00 
 1.19273843e-01  1.00000000e+00  1.00000000e+00  1.00000000e+00  1.00000000e+00  0.00000000e+00  1.00000000e+00  0.00000000e+00  2.89020363e-10  1.80000000e+00 
 1.19273850e-01  0.00000000e+00  0.00000000e+00  0.00000000e+00  0.00000000e+00  1.00000000e+00  1.00000000e+00  0.00000000e+00  2.87798230e-10  1.80000000e+00 
 1.19273855e-01  1.00000000e+00  0.00000000e+00  0.00000000e+00  0.00000000e+00  1.00000000e+00  1.00000000e+00  0.00000000e+00  2.88935098e-10  1.80000000e+00 
 1.19273852e-01  0.00000000e+00  1.00000000e+00  0.00000000e+00  0.00000000e+00  1.00000000e+00  1.00000000e+00  0.00000000e+00  2.87855073e-10  1.80000000e+00 
 1.19273843e-01  1.00000000e+00  1.00000000e+00  0.00000000e+00  0.00000000e+00  1.00000000e+00  1.00000000e+00  0.00000000e+00  2.88650881e-10  1.80000000e+00 
 1.19273859e-01  0.00000000e+00  0.00000000e+00  1.00000000e+00  0.00000000e+00  1.00000000e+00  1.00000000e+00  0.00000000e+00  2.88252977e-10  1.80000000e+00 
 1.19273842e-01  1.00000000e+00  0.00000000e+00  1.00000000e+00  0.00000000e+00  1.00000000e+00  1.00000000e+00  0.00000000e+00  2.88707724e-10  1.80000000e+00 
 1.19273843e-01  0.00000000e+00  1.00000000e+00  1.00000000e+00  0.00000000e+00  1.00000000e+00  1.00000000e+00  0.00000000e+00  2.87997182e-10  1.80000000e+00 
 1.19273858e-01  1.00000000e+00  1.00000000e+00  1.00000000e+00  0.00000000e+00  1.00000000e+00  1.00000000e+00  0.00000000e+00  2.88281399e-10  1.80000000e+00 
 1.19273855e-01  0.00000000e+00  0.00000000e+00  0.00000000e+00  1.00000000e+00  1.00000000e+00  1.00000000e+00  0.00000000e+00  2.87684543e-10  1.80000000e+00 
 1.19273835e-01  1.00000000e+00  0.00000000e+00  0.00000000e+00  1.00000000e+00  1.00000000e+00  1.00000000e+00  0.00000000e+00  2.88821411e-10  1.80000000e+00 
 1.19273840e-01  0.00000000e+00  1.00000000e+00  0.00000000e+00  1.00000000e+00  1.00000000e+00  1.00000000e+00  0.00000000e+00  2.88281399e-10  1.80000000e+00 
 1.19273859e-01  1.00000000e+00  1.00000000e+00  0.00000000e+00  1.00000000e+00  1.00000000e+00  1.00000000e+00  0.00000000e+00  2.88622459e-10  1.80000000e+00 
 1.19273844e-01  0.00000000e+00  0.00000000e+00  1.00000000e+00  1.00000000e+00  1.00000000e+00  1.00000000e+00  0.00000000e+00  2.88054025e-10  1.80000000e+00 
 1.19273844e-01  1.00000000e+00  0.00000000e+00  1.00000000e+00  1.00000000e+00  1.00000000e+00  1.00000000e+00  0.00000000e+00  2.88025603e-10  1.80000000e+00 
 1.19273843e-01  0.00000000e+00  1.00000000e+00  1.00000000e+00  1.00000000e+00  1.00000000e+00  1.00000000e+00  0.00000000e+00  2.88963520e-10  1.80000000e+00 
 1.19273842e-01  1.00000000e+00  1.00000000e+00  1.00000000e+00  1.00000000e+00  1.00000000e+00  1.00000000e+00  0.00000000e+00  2.89787749e-10  1.80000000e+00 
 1.19273845e-01  0.00000000e+00  0.00000000e+00  0.00000000e+00  0.00000000e+00  0.00000000e+00  0.00000000e+00  1.00000000e+00  2.87229796e-10  1.80000000e+00 
 1.19273858e-01  1.00000000e+00  0.00000000e+00  0.00000000e+00  0.00000000e+00  0.00000000e+00  0.00000000e+00  1.00000000e+00  2.88252977e-10  1.80000000e+00 
 1.19273858e-01  0.00000000e+00  1.00000000e+00  0.00000000e+00  0.00000000e+00  0.00000000e+00  0.00000000e+00  1.00000000e+00  2.88736146e-10  1.80000000e+00 
 1.19273859e-01  1.00000000e+00  1.00000000e+00  0.00000000e+00  0.00000000e+00  0.00000000e+00  0.00000000e+00  1.00000000e+00  2.88082447e-10  1.80000000e+00 
 1.19273859e-01  0.00000000e+00  0.00000000e+00  1.00000000e+00  0.00000000e+00  0.00000000e+00  0.00000000e+00  1.00000000e+00  2.87542434e-10  1.80000000e+00 
 1.19273856e-01  1.00000000e+00  0.00000000e+00  1.00000000e+00  0.00000000e+00  0.00000000e+00  0.00000000e+00  1.00000000e+00  2.87201374e-10  1.80000000e+00 
 1.19273848e-01  0.00000000e+00  1.00000000e+00  1.00000000e+00  0.00000000e+00  0.00000000e+00  0.00000000e+00  1.00000000e+00  2.88736146e-10  1.80000000e+00 
 1.19273843e-01  1.00000000e+00  1.00000000e+00  1.00000000e+00  0.00000000e+00  0.00000000e+00  0.00000000e+00  1.00000000e+00  2.88537194e-10  1.80000000e+00 
 1.19273858e-01  0.00000000e+00  0.00000000e+00  0.00000000e+00  1.00000000e+00  0.00000000e+00  0.00000000e+00  1.00000000e+00  2.88423507e-10  1.80000000e+00 
 1.19273856e-01  1.00000000e+00  0.00000000e+00  0.00000000e+00  1.00000000e+00  0.00000000e+00  0.00000000e+00  1.00000000e+00  2.88764568e-10  1.80000000e+00 
 1.19273849e-01  0.00000000e+00  1.00000000e+00  0.00000000e+00  1.00000000e+00  0.00000000e+00  0.00000000e+00  1.00000000e+00  2.87855073e-10  1.80000000e+00 
 1.19273846e-01  1.00000000e+00  1.00000000e+00  0.00000000e+00  1.00000000e+00  0.00000000e+00  0.00000000e+00  1.00000000e+00  2.88565616e-10  1.80000000e+00 
 1.19273852e-01  0.00000000e+00  0.00000000e+00  1.00000000e+00  1.00000000e+00  0.00000000e+00  0.00000000e+00  1.00000000e+00  2.88650881e-10  1.80000000e+00 
 1.19273851e-01  1.00000000e+00  0.00000000e+00  1.00000000e+00  1.00000000e+00  0.00000000e+00  0.00000000e+00  1.00000000e+00  2.88338242e-10  1.80000000e+00 
 1.19273841e-01  0.00000000e+00  1.00000000e+00  1.00000000e+00  1.00000000e+00  0.00000000e+00  0.00000000e+00  1.00000000e+00  2.87883495e-10  1.80000000e+00 
 1.19273839e-01  1.00000000e+00  1.00000000e+00  1.00000000e+00  1.00000000e+00  0.00000000e+00  0.00000000e+00  1.00000000e+00  2.87911917e-10  1.80000000e+00 
 1.19273854e-01  0.00000000e+00  0.00000000e+00  0.00000000e+00  0.00000000e+00  1.00000000e+00  0.00000000e+00  1.00000000e+00  2.87712965e-10  1.80000000e+00 
 1.19273837e-01  1.00000000e+00  0.00000000e+00  0.00000000e+00  0.00000000e+00  1.00000000e+00  0.00000000e+00  1.00000000e+00  2.88451929e-10  1.80000000e+00 
 1.19273843e-01  0.00000000e+00  1.00000000e+00  0.00000000e+00  0.00000000e+00  1.00000000e+00  0.00000000e+00  1.00000000e+00  2.88764568e-10  1.80000000e+00 
 1.19273843e-01  1.00000000e+00  1.00000000e+00  0.00000000e+00  0.00000000e+00  1.00000000e+00  0.00000000e+00  1.00000000e+00  2.88594038e-10  1.80000000e+00 
 1.19273847e-01  0.00000000e+00  0.00000000e+00  1.00000000e+00  0.00000000e+00  1.00000000e+00  0.00000000e+00  1.00000000e+00  2.88594038e-10  1.80000000e+00 
 1.19273851e-01  1.00000000e+00  0.00000000e+00  1.00000000e+00  0.00000000e+00  1.00000000e+00  0.00000000e+00  1.00000000e+00  2.88935098e-10  1.80000000e+00 
 1.19273842e-01  0.00000000e+00  1.00000000e+00  1.00000000e+00  0.00000000e+00  1.00000000e+00  0.00000000e+00  1.00000000e+00  2.89475111e-10  1.80000000e+00 
 1.19273843e-01  1.00000000e+00  1.00000000e+00  1.00000000e+00  0.00000000e+00  1.00000000e+00  0.00000000e+00  1.00000000e+00  2.88338242e-10  1.80000000e+00 
 1.19273840e-01  0.00000000e+00  0.00000000e+00  0.00000000e+00  1.00000000e+00  1.00000000e+00  0.00000000e+00  1.00000000e+00  2.88764568e-10  1.80000000e+00 
 1.19273850e-01  1.00000000e+00  0.00000000e+00  0.00000000e+00  1.00000000e+00  1.00000000e+00  0.00000000e+00  1.00000000e+00  2.88480351e-10  1.80000000e+00 
 1.19273861e-01  0.00000000e+00  1.00000000e+00  0.00000000e+00  1.00000000e+00  1.00000000e+00  0.00000000e+00  1.00000000e+00  2.88451929e-10  1.80000000e+00 
 1.19273857e-01  1.00000000e+00  1.00000000e+00  0.00000000e+00  1.00000000e+00  1.00000000e+00  0.00000000e+00  1.00000000e+00  2.88338242e-10  1.80000000e+00 
 1.19273838e-01  0.00000000e+00  0.00000000e+00  1.00000000e+00  1.00000000e+00  1.00000000e+00  0.00000000e+00  1.00000000e+00  2.88792990e-10  1.80000000e+00 
 1.19273851e-01  1.00000000e+00  0.00000000e+00  1.00000000e+00  1.00000000e+00  1.00000000e+00  0.00000000e+00  1.00000000e+00  2.89702484e-10  1.80000000e+00 
 1.19273855e-01  0.00000000e+00  1.00000000e+00  1.00000000e+00  1.00000000e+00  1.00000000e+00  0.00000000e+00  1.00000000e+00  2.88878255e-10  1.80000000e+00 
 1.19273841e-01  1.00000000e+00  1.00000000e+00  1.00000000e+00  1.00000000e+00  1.00000000e+00  0.00000000e+00  1.00000000e+00  2.88707724e-10  1.80000000e+00 
 1.19273841e-01  0.00000000e+00  0.00000000e+00  0.00000000e+00  0.00000000e+00  0.00000000e+00  1.00000000e+00  1.00000000e+00  2.87911917e-10  1.80000000e+00 
 1.19273851e-01  1.00000000e+00  0.00000000e+00  0.00000000e+00  0.00000000e+00  0.00000000e+00  1.00000000e+00  1.00000000e+00  2.88736146e-10  1.80000000e+00 
 1.19273842e-01  0.00000000e+00  1.00000000e+00  0.00000000e+00  0.00000000e+00  0.00000000e+00  1.00000000e+00  1.00000000e+00  2.88906676e-10  1.80000000e+00 
 1.19273858e-01  1.00000000e+00  1.00000000e+00  0.00000000e+00  0.00000000e+00  0.00000000e+00  1.00000000e+00  1.00000000e+00  2.89588797e-10  1.80000000e+00 
 1.19273855e-01  0.00000000e+00  0.00000000e+00  1.00000000e+00  0.00000000e+00  0.00000000e+00  1.00000000e+00  1.00000000e+00  2.87883495e-10  1.80000000e+00 
 1.19273858e-01  1.00000000e+00  0.00000000e+00  1.00000000e+00  0.00000000e+00  0.00000000e+00  1.00000000e+00  1.00000000e+00  2.88451929e-10  1.80000000e+00 
 1.19273850e-01  0.00000000e+00  1.00000000e+00  1.00000000e+00  0.00000000e+00  0.00000000e+00  1.00000000e+00  1.00000000e+00  2.88594038e-10  1.80000000e+00 
 1.19273843e-01  1.00000000e+00  1.00000000e+00  1.00000000e+00  0.00000000e+00  0.00000000e+00  1.00000000e+00  1.00000000e+00  2.88792990e-10  1.80000000e+00 
 1.19273855e-01  0.00000000e+00  0.00000000e+00  0.00000000e+00  1.00000000e+00  0.00000000e+00  1.00000000e+00  1.00000000e+00  2.88224555e-10  1.80000000e+00 
 1.19273840e-01  1.00000000e+00  0.00000000e+00  0.00000000e+00  1.00000000e+00  0.00000000e+00  1.00000000e+00  1.00000000e+00  2.89276159e-10  1.80000000e+00 
 1.19273842e-01  0.00000000e+00  1.00000000e+00  0.00000000e+00  1.00000000e+00  0.00000000e+00  1.00000000e+00  1.00000000e+00  2.88508772e-10  1.80000000e+00 
 1.19273855e-01  1.00000000e+00  1.00000000e+00  0.00000000e+00  1.00000000e+00  0.00000000e+00  1.00000000e+00  1.00000000e+00  2.89361424e-10  1.80000000e+00 
 1.19273840e-01  0.00000000e+00  0.00000000e+00  1.00000000e+00  1.00000000e+00  0.00000000e+00  1.00000000e+00  1.00000000e+00  2.88451929e-10  1.80000000e+00 
 1.19273842e-01  1.00000000e+00  0.00000000e+00  1.00000000e+00  1.00000000e+00  0.00000000e+00  1.00000000e+00  1.00000000e+00  2.89048785e-10  1.80000000e+00 
 1.19273845e-01  0.00000000e+00  1.00000000e+00  1.00000000e+00  1.00000000e+00  0.00000000e+00  1.00000000e+00  1.00000000e+00  2.88849833e-10  1.80000000e+00 
 1.19273852e-01  1.00000000e+00  1.00000000e+00  1.00000000e+00  1.00000000e+00  0.00000000e+00  1.00000000e+00  1.00000000e+00  2.89048785e-10  1.80000000e+00 
 1.19273854e-01  0.00000000e+00  0.00000000e+00  0.00000000e+00  0.00000000e+00  1.00000000e+00  1.00000000e+00  1.00000000e+00  2.88167712e-10  1.80000000e+00 
 1.19273856e-01  1.00000000e+00  0.00000000e+00  0.00000000e+00  0.00000000e+00  1.00000000e+00  1.00000000e+00  1.00000000e+00  2.88366664e-10  1.80000000e+00 
 1.19273859e-01  0.00000000e+00  1.00000000e+00  0.00000000e+00  0.00000000e+00  1.00000000e+00  1.00000000e+00  1.00000000e+00  2.89645641e-10  1.80000000e+00 
 1.19273860e-01  1.00000000e+00  1.00000000e+00  0.00000000e+00  0.00000000e+00  1.00000000e+00  1.00000000e+00  1.00000000e+00  2.88764568e-10  1.80000000e+00 
 1.19273858e-01  0.00000000e+00  0.00000000e+00  1.00000000e+00  0.00000000e+00  1.00000000e+00  1.00000000e+00  1.00000000e+00  2.88395086e-10  1.80000000e+00 
 1.19273852e-01  1.00000000e+00  0.00000000e+00  1.00000000e+00  0.00000000e+00  1.00000000e+00  1.00000000e+00  1.00000000e+00  2.88224555e-10  1.80000000e+00 
 1.19273853e-01  0.00000000e+00  1.00000000e+00  1.00000000e+00  0.00000000e+00  1.00000000e+00  1.00000000e+00  1.00000000e+00  2.88963520e-10  1.80000000e+00 
 1.19273850e-01  1.00000000e+00  1.00000000e+00  1.00000000e+00  0.00000000e+00  1.00000000e+00  1.00000000e+00  1.00000000e+00  2.89276159e-10  1.80000000e+00 
 1.19273856e-01  0.00000000e+00  0.00000000e+00  0.00000000e+00  1.00000000e+00  1.00000000e+00  1.00000000e+00  1.00000000e+00  2.89446689e-10  1.80000000e+00 
 1.19273847e-01  1.00000000e+00  0.00000000e+00  0.00000000e+00  1.00000000e+00  1.00000000e+00  1.00000000e+00  1.00000000e+00  2.89702484e-10  1.80000000e+00 
 1.19273857e-01  0.00000000e+00  1.00000000e+00  0.00000000e+00  1.00000000e+00  1.00000000e+00  1.00000000e+00  1.00000000e+00  2.88849833e-10  1.80000000e+00 
 1.19273842e-01  1.00000000e+00  1.00000000e+00  0.00000000e+00  1.00000000e+00  1.00000000e+00  1.00000000e+00  1.00000000e+00  2.88309820e-10  1.80000000e+00 
 1.19273857e-01  0.00000000e+00  0.00000000e+00  1.00000000e+00  1.00000000e+00  1.00000000e+00  1.00000000e+00  1.00000000e+00  2.90043545e-10  1.80000000e+00 
 1.19273851e-01  1.00000000e+00  0.00000000e+00  1.00000000e+00  1.00000000e+00  1.00000000e+00  1.00000000e+00  1.00000000e+00  2.89531954e-10  1.80000000e+00 
 1.19273858e-01  0.00000000e+00  1.00000000e+00  1.00000000e+00  1.00000000e+00  1.00000000e+00  1.00000000e+00  1.00000000e+00  2.89873014e-10  1.80000000e+00 
 1.19273855e-01  1.00000000e+00  1.00000000e+00  1.00000000e+00  1.00000000e+00  1.00000000e+00  1.00000000e+00  1.00000000e+00  2.89674063e-10  1.80000000e+00 
